Template: NONE
Clouds: 0.8369565
Palette: 8
PlacedObjects: ScavengerOutpost><185.8802><416.7975><594~156~0~0~0.5006017~69~86, ZapCoil><221.3797><291.6522><512~139, 
FadePalette: 0, 0
