Template: NONE
Palette: 13
FadePalette: 3, 0.2319973, 0.2474637, 0.2242641
