Template: NONE
Palette: 13
FadePalette: 3, 0.3043478, 0.3152174
