Template: NONE
DangerType: AerieBlizzard
WaveSpeed: 0.5
WaveLength: 0.75
WaveAmplitude: 0.04999116
SecondWaveLength: 0.1666667
SecondWaveAmplitude: 0
Palette: 13
PlacedObjects: LocalBlizzard><738.7379><502.8004><1358~632~50~86.60254~1~1~0, 
FadePalette: 3, 0.3043478, 0.3152174
