Template: NONE
Palette: 13
FadePalette: 3, 0.326087, 0.3586957, 0.3913043
